3.400000000000000000e+01
6.300000000000000000e+01
1.100000000000000000e+01
4.000000000000000000e+00
8.300000000000000000e+01
4.600000000000000000e+01
2.100000000000000000e+01
1.100000000000000000e+01
9.000000000000000000e+00
8.900000000000000000e+01
7.400000000000000000e+01
1.600000000000000000e+01
2.500000000000000000e+01
5.800000000000000000e+01
2.500000000000000000e+01
1.600000000000000000e+01
1.100000000000000000e+01
8.200000000000000000e+01
4.700000000000000000e+01
8.100000000000000000e+01
